{
 "cells": [
  {
   "cell_type": "code",
   "execution_count": 1,
   "id": "c24b6def",
   "metadata": {
    "_cell_guid": "b1076dfc-b9ad-4769-8c92-a6c4dae69d19",
    "_uuid": "8f2839f25d086af736a60e9eeb907d3b93b6e0e5",
    "execution": {
     "iopub.execute_input": "2022-09-17T09:49:26.742389Z",
     "iopub.status.busy": "2022-09-17T09:49:26.741894Z",
     "iopub.status.idle": "2022-09-17T09:49:26.754245Z",
     "shell.execute_reply": "2022-09-17T09:49:26.753394Z"
    },
    "papermill": {
     "duration": 0.023258,
     "end_time": "2022-09-17T09:49:26.756503",
     "exception": false,
     "start_time": "2022-09-17T09:49:26.733245",
     "status": "completed"
    },
    "tags": []
   },
   "outputs": [],
   "source": [
    "# This Python 3 environment comes with many helpful analytics libraries installed\n",
    "# It is defined by the kaggle/python Docker image: https://github.com/kaggle/docker-python\n",
    "# For example, here's several helpful packages to load\n",
    "\n",
    "import numpy as np # linear algebra\n",
    "import pandas as pd # data processing, CSV file I/O (e.g. pd.read_csv)\n",
    "\n",
    "# Input data files are available in the read-only \"../input/\" directory\n",
    "# For example, running this (by clicking run or pressing Shift+Enter) will list all files under the input directory\n",
    "\n",
    "import os\n",
    "for dirname, _, filenames in os.walk('/kaggle/input'):\n",
    "    for filename in filenames:\n",
    "        print(os.path.join(dirname, filename))\n",
    "\n",
    "# You can write up to 20GB to the current directory (/kaggle/working/) that gets preserved as output when you create a version using \"Save & Run All\" \n",
    "# You can also write temporary files to /kaggle/temp/, but they won't be saved outside of the current session"
   ]
  },
  {
   "cell_type": "markdown",
   "id": "1f07e0fe",
   "metadata": {
    "papermill": {
     "duration": 0.005465,
     "end_time": "2022-09-17T09:49:26.767935",
     "exception": false,
     "start_time": "2022-09-17T09:49:26.762470",
     "status": "completed"
    },
    "tags": []
   },
   "source": [
    "# Практическое задание"
   ]
  },
  {
   "cell_type": "markdown",
   "id": "671bedfe",
   "metadata": {
    "papermill": {
     "duration": 0.00536,
     "end_time": "2022-09-17T09:49:26.779014",
     "exception": false,
     "start_time": "2022-09-17T09:49:26.773654",
     "status": "completed"
    },
    "tags": []
   },
   "source": [
    "### В sklearn есть встроенные («игрушечные») наборы данных. Возьмём для примера один из них — load_boston(), в нём содержится информация о ценах на недвижимость в Бостоне."
   ]
  },
  {
   "cell_type": "code",
   "execution_count": 2,
   "id": "df71b2c0",
   "metadata": {
    "execution": {
     "iopub.execute_input": "2022-09-17T09:49:26.792358Z",
     "iopub.status.busy": "2022-09-17T09:49:26.791492Z",
     "iopub.status.idle": "2022-09-17T09:49:27.901005Z",
     "shell.execute_reply": "2022-09-17T09:49:27.899970Z"
    },
    "papermill": {
     "duration": 1.118961,
     "end_time": "2022-09-17T09:49:27.903675",
     "exception": false,
     "start_time": "2022-09-17T09:49:26.784714",
     "status": "completed"
    },
    "tags": []
   },
   "outputs": [],
   "source": [
    "from matplotlib import pyplot as plt\n",
    "import seaborn as sns"
   ]
  },
  {
   "cell_type": "code",
   "execution_count": 3,
   "id": "d86e8b3e",
   "metadata": {
    "execution": {
     "iopub.execute_input": "2022-09-17T09:49:27.917509Z",
     "iopub.status.busy": "2022-09-17T09:49:27.916653Z",
     "iopub.status.idle": "2022-09-17T09:49:28.137570Z",
     "shell.execute_reply": "2022-09-17T09:49:28.136703Z"
    },
    "papermill": {
     "duration": 0.232286,
     "end_time": "2022-09-17T09:49:28.141951",
     "exception": false,
     "start_time": "2022-09-17T09:49:27.909665",
     "status": "completed"
    },
    "tags": []
   },
   "outputs": [
    {
     "name": "stdout",
     "output_type": "stream",
     "text": [
      ".. _boston_dataset:\n",
      "\n",
      "Boston house prices dataset\n",
      "---------------------------\n",
      "\n",
      "**Data Set Characteristics:**  \n",
      "\n",
      "    :Number of Instances: 506 \n",
      "\n",
      "    :Number of Attributes: 13 numeric/categorical predictive. Median Value (attribute 14) is usually the target.\n",
      "\n",
      "    :Attribute Information (in order):\n",
      "        - CRIM     per capita crime rate by town\n",
      "        - ZN       proportion of residential land zoned for lots over 25,000 sq.ft.\n",
      "        - INDUS    proportion of non-retail business acres per town\n",
      "        - CHAS     Charles River dummy variable (= 1 if tract bounds river; 0 otherwise)\n",
      "        - NOX      nitric oxides concentration (parts per 10 million)\n",
      "        - RM       average number of rooms per dwelling\n",
      "        - AGE      proportion of owner-occupied units built prior to 1940\n",
      "        - DIS      weighted distances to five Boston employment centres\n",
      "        - RAD      index of accessibility to radial highways\n",
      "        - TAX      full-value property-tax rate per $10,000\n",
      "        - PTRATIO  pupil-teacher ratio by town\n",
      "        - B        1000(Bk - 0.63)^2 where Bk is the proportion of black people by town\n",
      "        - LSTAT    % lower status of the population\n",
      "        - MEDV     Median value of owner-occupied homes in $1000's\n",
      "\n",
      "    :Missing Attribute Values: None\n",
      "\n",
      "    :Creator: Harrison, D. and Rubinfeld, D.L.\n",
      "\n",
      "This is a copy of UCI ML housing dataset.\n",
      "https://archive.ics.uci.edu/ml/machine-learning-databases/housing/\n",
      "\n",
      "\n",
      "This dataset was taken from the StatLib library which is maintained at Carnegie Mellon University.\n",
      "\n",
      "The Boston house-price data of Harrison, D. and Rubinfeld, D.L. 'Hedonic\n",
      "prices and the demand for clean air', J. Environ. Economics & Management,\n",
      "vol.5, 81-102, 1978.   Used in Belsley, Kuh & Welsch, 'Regression diagnostics\n",
      "...', Wiley, 1980.   N.B. Various transformations are used in the table on\n",
      "pages 244-261 of the latter.\n",
      "\n",
      "The Boston house-price data has been used in many machine learning papers that address regression\n",
      "problems.   \n",
      "     \n",
      ".. topic:: References\n",
      "\n",
      "   - Belsley, Kuh & Welsch, 'Regression diagnostics: Identifying Influential Data and Sources of Collinearity', Wiley, 1980. 244-261.\n",
      "   - Quinlan,R. (1993). Combining Instance-Based and Model-Based Learning. In Proceedings on the Tenth International Conference of Machine Learning, 236-243, University of Massachusetts, Amherst. Morgan Kaufmann.\n",
      "\n"
     ]
    },
    {
     "name": "stderr",
     "output_type": "stream",
     "text": [
      "/opt/conda/lib/python3.7/site-packages/sklearn/utils/deprecation.py:87: FutureWarning: Function load_boston is deprecated; `load_boston` is deprecated in 1.0 and will be removed in 1.2.\n",
      "\n",
      "    The Boston housing prices dataset has an ethical problem. You can refer to\n",
      "    the documentation of this function for further details.\n",
      "\n",
      "    The scikit-learn maintainers therefore strongly discourage the use of this\n",
      "    dataset unless the purpose of the code is to study and educate about\n",
      "    ethical issues in data science and machine learning.\n",
      "\n",
      "    In this special case, you can fetch the dataset from the original\n",
      "    source::\n",
      "\n",
      "        import pandas as pd\n",
      "        import numpy as np\n",
      "\n",
      "\n",
      "        data_url = \"http://lib.stat.cmu.edu/datasets/boston\"\n",
      "        raw_df = pd.read_csv(data_url, sep=\"\\s+\", skiprows=22, header=None)\n",
      "        data = np.hstack([raw_df.values[::2, :], raw_df.values[1::2, :2]])\n",
      "        target = raw_df.values[1::2, 2]\n",
      "\n",
      "    Alternative datasets include the California housing dataset (i.e.\n",
      "    :func:`~sklearn.datasets.fetch_california_housing`) and the Ames housing\n",
      "    dataset. You can load the datasets as follows::\n",
      "\n",
      "        from sklearn.datasets import fetch_california_housing\n",
      "        housing = fetch_california_housing()\n",
      "\n",
      "    for the California housing dataset and::\n",
      "\n",
      "        from sklearn.datasets import fetch_openml\n",
      "        housing = fetch_openml(name=\"house_prices\", as_frame=True)\n",
      "\n",
      "    for the Ames housing dataset.\n",
      "    \n",
      "  warnings.warn(msg, category=FutureWarning)\n"
     ]
    }
   ],
   "source": [
    "from sklearn.datasets import load_boston\n",
    "\n",
    "boston_data = load_boston()\n",
    "print(boston_data['DESCR'])"
   ]
  },
  {
   "cell_type": "code",
   "execution_count": 4,
   "id": "1be11a15",
   "metadata": {
    "execution": {
     "iopub.execute_input": "2022-09-17T09:49:28.156754Z",
     "iopub.status.busy": "2022-09-17T09:49:28.156346Z",
     "iopub.status.idle": "2022-09-17T09:49:28.161604Z",
     "shell.execute_reply": "2022-09-17T09:49:28.160532Z"
    },
    "papermill": {
     "duration": 0.015167,
     "end_time": "2022-09-17T09:49:28.163843",
     "exception": false,
     "start_time": "2022-09-17T09:49:28.148676",
     "status": "completed"
    },
    "tags": []
   },
   "outputs": [],
   "source": [
    "import pandas as pd"
   ]
  },
  {
   "cell_type": "markdown",
   "id": "95a20308",
   "metadata": {
    "papermill": {
     "duration": 0.00563,
     "end_time": "2022-09-17T09:49:28.175477",
     "exception": false,
     "start_time": "2022-09-17T09:49:28.169847",
     "status": "completed"
    },
    "tags": []
   },
   "source": [
    "Загрузим данные о признаках в \"x\", а целевые значения — в \"y\""
   ]
  },
  {
   "cell_type": "code",
   "execution_count": 5,
   "id": "55a80d84",
   "metadata": {
    "execution": {
     "iopub.execute_input": "2022-09-17T09:49:28.189478Z",
     "iopub.status.busy": "2022-09-17T09:49:28.188853Z",
     "iopub.status.idle": "2022-09-17T09:49:28.198772Z",
     "shell.execute_reply": "2022-09-17T09:49:28.197330Z"
    },
    "papermill": {
     "duration": 0.020448,
     "end_time": "2022-09-17T09:49:28.201765",
     "exception": false,
     "start_time": "2022-09-17T09:49:28.181317",
     "status": "completed"
    },
    "tags": []
   },
   "outputs": [],
   "source": [
    "X = pd.DataFrame(boston_data.data, columns=boston_data.feature_names)\n",
    "y = boston_data.target"
   ]
  },
  {
   "cell_type": "markdown",
   "id": "45e48479",
   "metadata": {
    "papermill": {
     "duration": 0.005938,
     "end_time": "2022-09-17T09:49:28.214043",
     "exception": false,
     "start_time": "2022-09-17T09:49:28.208105",
     "status": "completed"
    },
    "tags": []
   },
   "source": [
    "Посмотрим основную информацию о датасете"
   ]
  },
  {
   "cell_type": "code",
   "execution_count": 6,
   "id": "76b242e4",
   "metadata": {
    "execution": {
     "iopub.execute_input": "2022-09-17T09:49:28.228003Z",
     "iopub.status.busy": "2022-09-17T09:49:28.227570Z",
     "iopub.status.idle": "2022-09-17T09:49:28.261197Z",
     "shell.execute_reply": "2022-09-17T09:49:28.259964Z"
    },
    "papermill": {
     "duration": 0.043421,
     "end_time": "2022-09-17T09:49:28.263639",
     "exception": false,
     "start_time": "2022-09-17T09:49:28.220218",
     "status": "completed"
    },
    "tags": []
   },
   "outputs": [
    {
     "data": {
      "text/html": [
       "<div>\n",
       "<style scoped>\n",
       "    .dataframe tbody tr th:only-of-type {\n",
       "        vertical-align: middle;\n",
       "    }\n",
       "\n",
       "    .dataframe tbody tr th {\n",
       "        vertical-align: top;\n",
       "    }\n",
       "\n",
       "    .dataframe thead th {\n",
       "        text-align: right;\n",
       "    }\n",
       "</style>\n",
       "<table border=\"1\" class=\"dataframe\">\n",
       "  <thead>\n",
       "    <tr style=\"text-align: right;\">\n",
       "      <th></th>\n",
       "      <th>CRIM</th>\n",
       "      <th>ZN</th>\n",
       "      <th>INDUS</th>\n",
       "      <th>CHAS</th>\n",
       "      <th>NOX</th>\n",
       "      <th>RM</th>\n",
       "      <th>AGE</th>\n",
       "      <th>DIS</th>\n",
       "      <th>RAD</th>\n",
       "      <th>TAX</th>\n",
       "      <th>PTRATIO</th>\n",
       "      <th>B</th>\n",
       "      <th>LSTAT</th>\n",
       "    </tr>\n",
       "  </thead>\n",
       "  <tbody>\n",
       "    <tr>\n",
       "      <th>0</th>\n",
       "      <td>0.00632</td>\n",
       "      <td>18.0</td>\n",
       "      <td>2.31</td>\n",
       "      <td>0.0</td>\n",
       "      <td>0.538</td>\n",
       "      <td>6.575</td>\n",
       "      <td>65.2</td>\n",
       "      <td>4.0900</td>\n",
       "      <td>1.0</td>\n",
       "      <td>296.0</td>\n",
       "      <td>15.3</td>\n",
       "      <td>396.90</td>\n",
       "      <td>4.98</td>\n",
       "    </tr>\n",
       "    <tr>\n",
       "      <th>1</th>\n",
       "      <td>0.02731</td>\n",
       "      <td>0.0</td>\n",
       "      <td>7.07</td>\n",
       "      <td>0.0</td>\n",
       "      <td>0.469</td>\n",
       "      <td>6.421</td>\n",
       "      <td>78.9</td>\n",
       "      <td>4.9671</td>\n",
       "      <td>2.0</td>\n",
       "      <td>242.0</td>\n",
       "      <td>17.8</td>\n",
       "      <td>396.90</td>\n",
       "      <td>9.14</td>\n",
       "    </tr>\n",
       "    <tr>\n",
       "      <th>2</th>\n",
       "      <td>0.02729</td>\n",
       "      <td>0.0</td>\n",
       "      <td>7.07</td>\n",
       "      <td>0.0</td>\n",
       "      <td>0.469</td>\n",
       "      <td>7.185</td>\n",
       "      <td>61.1</td>\n",
       "      <td>4.9671</td>\n",
       "      <td>2.0</td>\n",
       "      <td>242.0</td>\n",
       "      <td>17.8</td>\n",
       "      <td>392.83</td>\n",
       "      <td>4.03</td>\n",
       "    </tr>\n",
       "    <tr>\n",
       "      <th>3</th>\n",
       "      <td>0.03237</td>\n",
       "      <td>0.0</td>\n",
       "      <td>2.18</td>\n",
       "      <td>0.0</td>\n",
       "      <td>0.458</td>\n",
       "      <td>6.998</td>\n",
       "      <td>45.8</td>\n",
       "      <td>6.0622</td>\n",
       "      <td>3.0</td>\n",
       "      <td>222.0</td>\n",
       "      <td>18.7</td>\n",
       "      <td>394.63</td>\n",
       "      <td>2.94</td>\n",
       "    </tr>\n",
       "    <tr>\n",
       "      <th>4</th>\n",
       "      <td>0.06905</td>\n",
       "      <td>0.0</td>\n",
       "      <td>2.18</td>\n",
       "      <td>0.0</td>\n",
       "      <td>0.458</td>\n",
       "      <td>7.147</td>\n",
       "      <td>54.2</td>\n",
       "      <td>6.0622</td>\n",
       "      <td>3.0</td>\n",
       "      <td>222.0</td>\n",
       "      <td>18.7</td>\n",
       "      <td>396.90</td>\n",
       "      <td>5.33</td>\n",
       "    </tr>\n",
       "  </tbody>\n",
       "</table>\n",
       "</div>"
      ],
      "text/plain": [
       "      CRIM    ZN  INDUS  CHAS    NOX     RM   AGE     DIS  RAD    TAX  \\\n",
       "0  0.00632  18.0   2.31   0.0  0.538  6.575  65.2  4.0900  1.0  296.0   \n",
       "1  0.02731   0.0   7.07   0.0  0.469  6.421  78.9  4.9671  2.0  242.0   \n",
       "2  0.02729   0.0   7.07   0.0  0.469  7.185  61.1  4.9671  2.0  242.0   \n",
       "3  0.03237   0.0   2.18   0.0  0.458  6.998  45.8  6.0622  3.0  222.0   \n",
       "4  0.06905   0.0   2.18   0.0  0.458  7.147  54.2  6.0622  3.0  222.0   \n",
       "\n",
       "   PTRATIO       B  LSTAT  \n",
       "0     15.3  396.90   4.98  \n",
       "1     17.8  396.90   9.14  \n",
       "2     17.8  392.83   4.03  \n",
       "3     18.7  394.63   2.94  \n",
       "4     18.7  396.90   5.33  "
      ]
     },
     "execution_count": 6,
     "metadata": {},
     "output_type": "execute_result"
    }
   ],
   "source": [
    "# Первые 5 строк\n",
    "X.head()"
   ]
  },
  {
   "cell_type": "code",
   "execution_count": 7,
   "id": "3380d515",
   "metadata": {
    "execution": {
     "iopub.execute_input": "2022-09-17T09:49:28.279761Z",
     "iopub.status.busy": "2022-09-17T09:49:28.278591Z",
     "iopub.status.idle": "2022-09-17T09:49:28.286580Z",
     "shell.execute_reply": "2022-09-17T09:49:28.285306Z"
    },
    "papermill": {
     "duration": 0.019004,
     "end_time": "2022-09-17T09:49:28.289007",
     "exception": false,
     "start_time": "2022-09-17T09:49:28.270003",
     "status": "completed"
    },
    "tags": []
   },
   "outputs": [
    {
     "data": {
      "text/plain": [
       "Index(['CRIM', 'ZN', 'INDUS', 'CHAS', 'NOX', 'RM', 'AGE', 'DIS', 'RAD', 'TAX',\n",
       "       'PTRATIO', 'B', 'LSTAT'],\n",
       "      dtype='object')"
      ]
     },
     "execution_count": 7,
     "metadata": {},
     "output_type": "execute_result"
    }
   ],
   "source": [
    "X.columns"
   ]
  },
  {
   "cell_type": "code",
   "execution_count": 8,
   "id": "ed44f294",
   "metadata": {
    "execution": {
     "iopub.execute_input": "2022-09-17T09:49:28.303410Z",
     "iopub.status.busy": "2022-09-17T09:49:28.303027Z",
     "iopub.status.idle": "2022-09-17T09:49:28.328732Z",
     "shell.execute_reply": "2022-09-17T09:49:28.327190Z"
    },
    "papermill": {
     "duration": 0.035978,
     "end_time": "2022-09-17T09:49:28.331314",
     "exception": false,
     "start_time": "2022-09-17T09:49:28.295336",
     "status": "completed"
    },
    "tags": []
   },
   "outputs": [
    {
     "name": "stdout",
     "output_type": "stream",
     "text": [
      "<class 'pandas.core.frame.DataFrame'>\n",
      "RangeIndex: 506 entries, 0 to 505\n",
      "Data columns (total 13 columns):\n",
      " #   Column   Non-Null Count  Dtype  \n",
      "---  ------   --------------  -----  \n",
      " 0   CRIM     506 non-null    float64\n",
      " 1   ZN       506 non-null    float64\n",
      " 2   INDUS    506 non-null    float64\n",
      " 3   CHAS     506 non-null    float64\n",
      " 4   NOX      506 non-null    float64\n",
      " 5   RM       506 non-null    float64\n",
      " 6   AGE      506 non-null    float64\n",
      " 7   DIS      506 non-null    float64\n",
      " 8   RAD      506 non-null    float64\n",
      " 9   TAX      506 non-null    float64\n",
      " 10  PTRATIO  506 non-null    float64\n",
      " 11  B        506 non-null    float64\n",
      " 12  LSTAT    506 non-null    float64\n",
      "dtypes: float64(13)\n",
      "memory usage: 51.5 KB\n"
     ]
    }
   ],
   "source": [
    "X.info()"
   ]
  },
  {
   "cell_type": "code",
   "execution_count": 9,
   "id": "840a9988",
   "metadata": {
    "execution": {
     "iopub.execute_input": "2022-09-17T09:49:28.346178Z",
     "iopub.status.busy": "2022-09-17T09:49:28.345748Z",
     "iopub.status.idle": "2022-09-17T09:49:28.370175Z",
     "shell.execute_reply": "2022-09-17T09:49:28.368952Z"
    },
    "papermill": {
     "duration": 0.034724,
     "end_time": "2022-09-17T09:49:28.372717",
     "exception": false,
     "start_time": "2022-09-17T09:49:28.337993",
     "status": "completed"
    },
    "tags": []
   },
   "outputs": [
    {
     "data": {
      "text/html": [
       "<div>\n",
       "<style scoped>\n",
       "    .dataframe tbody tr th:only-of-type {\n",
       "        vertical-align: middle;\n",
       "    }\n",
       "\n",
       "    .dataframe tbody tr th {\n",
       "        vertical-align: top;\n",
       "    }\n",
       "\n",
       "    .dataframe thead th {\n",
       "        text-align: right;\n",
       "    }\n",
       "</style>\n",
       "<table border=\"1\" class=\"dataframe\">\n",
       "  <thead>\n",
       "    <tr style=\"text-align: right;\">\n",
       "      <th></th>\n",
       "      <th>CRIM</th>\n",
       "      <th>ZN</th>\n",
       "      <th>INDUS</th>\n",
       "      <th>CHAS</th>\n",
       "      <th>NOX</th>\n",
       "      <th>RM</th>\n",
       "      <th>AGE</th>\n",
       "      <th>DIS</th>\n",
       "      <th>RAD</th>\n",
       "      <th>TAX</th>\n",
       "      <th>PTRATIO</th>\n",
       "      <th>B</th>\n",
       "      <th>LSTAT</th>\n",
       "    </tr>\n",
       "  </thead>\n",
       "  <tbody>\n",
       "    <tr>\n",
       "      <th>CRIM</th>\n",
       "      <td>1.000000</td>\n",
       "      <td>-0.200469</td>\n",
       "      <td>0.406583</td>\n",
       "      <td>-0.055892</td>\n",
       "      <td>0.420972</td>\n",
       "      <td>-0.219247</td>\n",
       "      <td>0.352734</td>\n",
       "      <td>-0.379670</td>\n",
       "      <td>0.625505</td>\n",
       "      <td>0.582764</td>\n",
       "      <td>0.289946</td>\n",
       "      <td>-0.385064</td>\n",
       "      <td>0.455621</td>\n",
       "    </tr>\n",
       "    <tr>\n",
       "      <th>ZN</th>\n",
       "      <td>-0.200469</td>\n",
       "      <td>1.000000</td>\n",
       "      <td>-0.533828</td>\n",
       "      <td>-0.042697</td>\n",
       "      <td>-0.516604</td>\n",
       "      <td>0.311991</td>\n",
       "      <td>-0.569537</td>\n",
       "      <td>0.664408</td>\n",
       "      <td>-0.311948</td>\n",
       "      <td>-0.314563</td>\n",
       "      <td>-0.391679</td>\n",
       "      <td>0.175520</td>\n",
       "      <td>-0.412995</td>\n",
       "    </tr>\n",
       "    <tr>\n",
       "      <th>INDUS</th>\n",
       "      <td>0.406583</td>\n",
       "      <td>-0.533828</td>\n",
       "      <td>1.000000</td>\n",
       "      <td>0.062938</td>\n",
       "      <td>0.763651</td>\n",
       "      <td>-0.391676</td>\n",
       "      <td>0.644779</td>\n",
       "      <td>-0.708027</td>\n",
       "      <td>0.595129</td>\n",
       "      <td>0.720760</td>\n",
       "      <td>0.383248</td>\n",
       "      <td>-0.356977</td>\n",
       "      <td>0.603800</td>\n",
       "    </tr>\n",
       "    <tr>\n",
       "      <th>CHAS</th>\n",
       "      <td>-0.055892</td>\n",
       "      <td>-0.042697</td>\n",
       "      <td>0.062938</td>\n",
       "      <td>1.000000</td>\n",
       "      <td>0.091203</td>\n",
       "      <td>0.091251</td>\n",
       "      <td>0.086518</td>\n",
       "      <td>-0.099176</td>\n",
       "      <td>-0.007368</td>\n",
       "      <td>-0.035587</td>\n",
       "      <td>-0.121515</td>\n",
       "      <td>0.048788</td>\n",
       "      <td>-0.053929</td>\n",
       "    </tr>\n",
       "    <tr>\n",
       "      <th>NOX</th>\n",
       "      <td>0.420972</td>\n",
       "      <td>-0.516604</td>\n",
       "      <td>0.763651</td>\n",
       "      <td>0.091203</td>\n",
       "      <td>1.000000</td>\n",
       "      <td>-0.302188</td>\n",
       "      <td>0.731470</td>\n",
       "      <td>-0.769230</td>\n",
       "      <td>0.611441</td>\n",
       "      <td>0.668023</td>\n",
       "      <td>0.188933</td>\n",
       "      <td>-0.380051</td>\n",
       "      <td>0.590879</td>\n",
       "    </tr>\n",
       "    <tr>\n",
       "      <th>RM</th>\n",
       "      <td>-0.219247</td>\n",
       "      <td>0.311991</td>\n",
       "      <td>-0.391676</td>\n",
       "      <td>0.091251</td>\n",
       "      <td>-0.302188</td>\n",
       "      <td>1.000000</td>\n",
       "      <td>-0.240265</td>\n",
       "      <td>0.205246</td>\n",
       "      <td>-0.209847</td>\n",
       "      <td>-0.292048</td>\n",
       "      <td>-0.355501</td>\n",
       "      <td>0.128069</td>\n",
       "      <td>-0.613808</td>\n",
       "    </tr>\n",
       "    <tr>\n",
       "      <th>AGE</th>\n",
       "      <td>0.352734</td>\n",
       "      <td>-0.569537</td>\n",
       "      <td>0.644779</td>\n",
       "      <td>0.086518</td>\n",
       "      <td>0.731470</td>\n",
       "      <td>-0.240265</td>\n",
       "      <td>1.000000</td>\n",
       "      <td>-0.747881</td>\n",
       "      <td>0.456022</td>\n",
       "      <td>0.506456</td>\n",
       "      <td>0.261515</td>\n",
       "      <td>-0.273534</td>\n",
       "      <td>0.602339</td>\n",
       "    </tr>\n",
       "    <tr>\n",
       "      <th>DIS</th>\n",
       "      <td>-0.379670</td>\n",
       "      <td>0.664408</td>\n",
       "      <td>-0.708027</td>\n",
       "      <td>-0.099176</td>\n",
       "      <td>-0.769230</td>\n",
       "      <td>0.205246</td>\n",
       "      <td>-0.747881</td>\n",
       "      <td>1.000000</td>\n",
       "      <td>-0.494588</td>\n",
       "      <td>-0.534432</td>\n",
       "      <td>-0.232471</td>\n",
       "      <td>0.291512</td>\n",
       "      <td>-0.496996</td>\n",
       "    </tr>\n",
       "    <tr>\n",
       "      <th>RAD</th>\n",
       "      <td>0.625505</td>\n",
       "      <td>-0.311948</td>\n",
       "      <td>0.595129</td>\n",
       "      <td>-0.007368</td>\n",
       "      <td>0.611441</td>\n",
       "      <td>-0.209847</td>\n",
       "      <td>0.456022</td>\n",
       "      <td>-0.494588</td>\n",
       "      <td>1.000000</td>\n",
       "      <td>0.910228</td>\n",
       "      <td>0.464741</td>\n",
       "      <td>-0.444413</td>\n",
       "      <td>0.488676</td>\n",
       "    </tr>\n",
       "    <tr>\n",
       "      <th>TAX</th>\n",
       "      <td>0.582764</td>\n",
       "      <td>-0.314563</td>\n",
       "      <td>0.720760</td>\n",
       "      <td>-0.035587</td>\n",
       "      <td>0.668023</td>\n",
       "      <td>-0.292048</td>\n",
       "      <td>0.506456</td>\n",
       "      <td>-0.534432</td>\n",
       "      <td>0.910228</td>\n",
       "      <td>1.000000</td>\n",
       "      <td>0.460853</td>\n",
       "      <td>-0.441808</td>\n",
       "      <td>0.543993</td>\n",
       "    </tr>\n",
       "    <tr>\n",
       "      <th>PTRATIO</th>\n",
       "      <td>0.289946</td>\n",
       "      <td>-0.391679</td>\n",
       "      <td>0.383248</td>\n",
       "      <td>-0.121515</td>\n",
       "      <td>0.188933</td>\n",
       "      <td>-0.355501</td>\n",
       "      <td>0.261515</td>\n",
       "      <td>-0.232471</td>\n",
       "      <td>0.464741</td>\n",
       "      <td>0.460853</td>\n",
       "      <td>1.000000</td>\n",
       "      <td>-0.177383</td>\n",
       "      <td>0.374044</td>\n",
       "    </tr>\n",
       "    <tr>\n",
       "      <th>B</th>\n",
       "      <td>-0.385064</td>\n",
       "      <td>0.175520</td>\n",
       "      <td>-0.356977</td>\n",
       "      <td>0.048788</td>\n",
       "      <td>-0.380051</td>\n",
       "      <td>0.128069</td>\n",
       "      <td>-0.273534</td>\n",
       "      <td>0.291512</td>\n",
       "      <td>-0.444413</td>\n",
       "      <td>-0.441808</td>\n",
       "      <td>-0.177383</td>\n",
       "      <td>1.000000</td>\n",
       "      <td>-0.366087</td>\n",
       "    </tr>\n",
       "    <tr>\n",
       "      <th>LSTAT</th>\n",
       "      <td>0.455621</td>\n",
       "      <td>-0.412995</td>\n",
       "      <td>0.603800</td>\n",
       "      <td>-0.053929</td>\n",
       "      <td>0.590879</td>\n",
       "      <td>-0.613808</td>\n",
       "      <td>0.602339</td>\n",
       "      <td>-0.496996</td>\n",
       "      <td>0.488676</td>\n",
       "      <td>0.543993</td>\n",
       "      <td>0.374044</td>\n",
       "      <td>-0.366087</td>\n",
       "      <td>1.000000</td>\n",
       "    </tr>\n",
       "  </tbody>\n",
       "</table>\n",
       "</div>"
      ],
      "text/plain": [
       "             CRIM        ZN     INDUS      CHAS       NOX        RM       AGE  \\\n",
       "CRIM     1.000000 -0.200469  0.406583 -0.055892  0.420972 -0.219247  0.352734   \n",
       "ZN      -0.200469  1.000000 -0.533828 -0.042697 -0.516604  0.311991 -0.569537   \n",
       "INDUS    0.406583 -0.533828  1.000000  0.062938  0.763651 -0.391676  0.644779   \n",
       "CHAS    -0.055892 -0.042697  0.062938  1.000000  0.091203  0.091251  0.086518   \n",
       "NOX      0.420972 -0.516604  0.763651  0.091203  1.000000 -0.302188  0.731470   \n",
       "RM      -0.219247  0.311991 -0.391676  0.091251 -0.302188  1.000000 -0.240265   \n",
       "AGE      0.352734 -0.569537  0.644779  0.086518  0.731470 -0.240265  1.000000   \n",
       "DIS     -0.379670  0.664408 -0.708027 -0.099176 -0.769230  0.205246 -0.747881   \n",
       "RAD      0.625505 -0.311948  0.595129 -0.007368  0.611441 -0.209847  0.456022   \n",
       "TAX      0.582764 -0.314563  0.720760 -0.035587  0.668023 -0.292048  0.506456   \n",
       "PTRATIO  0.289946 -0.391679  0.383248 -0.121515  0.188933 -0.355501  0.261515   \n",
       "B       -0.385064  0.175520 -0.356977  0.048788 -0.380051  0.128069 -0.273534   \n",
       "LSTAT    0.455621 -0.412995  0.603800 -0.053929  0.590879 -0.613808  0.602339   \n",
       "\n",
       "              DIS       RAD       TAX   PTRATIO         B     LSTAT  \n",
       "CRIM    -0.379670  0.625505  0.582764  0.289946 -0.385064  0.455621  \n",
       "ZN       0.664408 -0.311948 -0.314563 -0.391679  0.175520 -0.412995  \n",
       "INDUS   -0.708027  0.595129  0.720760  0.383248 -0.356977  0.603800  \n",
       "CHAS    -0.099176 -0.007368 -0.035587 -0.121515  0.048788 -0.053929  \n",
       "NOX     -0.769230  0.611441  0.668023  0.188933 -0.380051  0.590879  \n",
       "RM       0.205246 -0.209847 -0.292048 -0.355501  0.128069 -0.613808  \n",
       "AGE     -0.747881  0.456022  0.506456  0.261515 -0.273534  0.602339  \n",
       "DIS      1.000000 -0.494588 -0.534432 -0.232471  0.291512 -0.496996  \n",
       "RAD     -0.494588  1.000000  0.910228  0.464741 -0.444413  0.488676  \n",
       "TAX     -0.534432  0.910228  1.000000  0.460853 -0.441808  0.543993  \n",
       "PTRATIO -0.232471  0.464741  0.460853  1.000000 -0.177383  0.374044  \n",
       "B        0.291512 -0.444413 -0.441808 -0.177383  1.000000 -0.366087  \n",
       "LSTAT   -0.496996  0.488676  0.543993  0.374044 -0.366087  1.000000  "
      ]
     },
     "execution_count": 9,
     "metadata": {},
     "output_type": "execute_result"
    }
   ],
   "source": [
    "X.corr()"
   ]
  },
  {
   "cell_type": "code",
   "execution_count": 10,
   "id": "0a9bd740",
   "metadata": {
    "execution": {
     "iopub.execute_input": "2022-09-17T09:49:28.388275Z",
     "iopub.status.busy": "2022-09-17T09:49:28.387617Z",
     "iopub.status.idle": "2022-09-17T09:49:29.568971Z",
     "shell.execute_reply": "2022-09-17T09:49:29.567719Z"
    },
    "papermill": {
     "duration": 1.192712,
     "end_time": "2022-09-17T09:49:29.572348",
     "exception": false,
     "start_time": "2022-09-17T09:49:28.379636",
     "status": "completed"
    },
    "tags": []
   },
   "outputs": [
    {
     "data": {
